CPD for log_fold_change:
[2.18340611e-04 4.36681223e-04 3.93013100e-03 6.11353712e-03
 3.29694323e-02 8.79912664e-02 1.93449782e-01 5.53711790e-01
 1.17685590e-01 2.62008734e-03 4.36681223e-04 2.18340611e-04
 2.18340611e-04]

CPD for SP01:
[[0.         0.5        0.33333333 0.35714286 0.30463576 0.31265509
  0.30022573 0.30520505 0.32653061 0.58333333 0.5        0.
  0.        ]
 [1.         0.5        0.27777778 0.17857143 0.21192053 0.24069479
  0.21218962 0.21214511 0.19109462 0.16666667 0.         1.
  1.        ]
 [0.         0.         0.11111111 0.14285714 0.23178808 0.18362283
  0.1986456  0.20031546 0.17439703 0.08333333 0.         0.
  0.        ]
 [0.         0.         0.         0.         0.         0.
  0.         0.         0.00371058 0.         0.         0.
  0.        ]
 [0.         0.         0.27777778 0.32142857 0.25165563 0.2630273
  0.28893905 0.28233438 0.30426716 0.16666667 0.5        0.
  0.        ]]

CPD for SP02:
[[0.         0.         0.05555556 0.14285714 0.28476821 0.26550868
  0.28893905 0.31821767 0.3580705  0.33333333 0.5        1.
  0.        ]
 [0.         0.         0.22222222 0.32142857 0.24503311 0.23573201
  0.2268623  0.19676656 0.17810761 0.25       0.5        0.
  0.        ]
 [0.         0.5        0.16666667 0.28571429 0.20529801 0.2382134
  0.20654628 0.19361199 0.16697588 0.25       0.         0.
  0.        ]
 [0.         0.         0.         0.         0.         0.
  0.         0.         0.00371058 0.         0.         0.
  0.        ]
 [1.         0.5        0.55555556 0.25       0.26490066 0.26054591
  0.27765237 0.29140379 0.29313544 0.16666667 0.         0.
  1.        ]]

CPD for SP03:
[[0.         0.         0.33333333 0.42857143 0.27152318 0.25806452
  0.29909707 0.30954259 0.35621521 0.41666667 0.5        0.
  0.        ]
 [0.         0.5        0.27777778 0.14285714 0.21854305 0.21836228
  0.24266366 0.20347003 0.21521336 0.16666667 0.5        1.
  1.        ]
 [0.         0.         0.16666667 0.14285714 0.19205298 0.24317618
  0.20428894 0.19321767 0.19480519 0.08333333 0.         0.
  0.        ]
 [0.         0.         0.         0.         0.         0.
  0.         0.         0.00371058 0.         0.         0.
  0.        ]
 [1.         0.5        0.22222222 0.28571429 0.31788079 0.28039702
  0.25395034 0.29376972 0.23005566 0.33333333 0.         0.
  0.        ]]

CPD for SP04:
[[1.         0.         0.27777778 0.21428571 0.21854305 0.2630273
  0.31602709 0.3044164  0.31725417 0.33333333 0.5        0.
  0.        ]
 [0.         0.5        0.11111111 0.28571429 0.27152318 0.20595533
  0.21557562 0.20820189 0.18552876 0.25       0.         0.
  0.        ]
 [0.         0.5        0.38888889 0.21428571 0.20529801 0.23573201
  0.20993228 0.19873817 0.19109462 0.25       0.         0.
  0.        ]
 [0.         0.         0.         0.         0.         0.
  0.         0.         0.00371058 0.         0.         0.
  0.        ]
 [0.         0.         0.22222222 0.28571429 0.30463576 0.29528536
  0.25846501 0.28864353 0.30241187 0.16666667 0.5        1.
  1.        ]]

CPD for SP05:
[[1.         0.5        0.27777778 0.21428571 0.28476821 0.25806452
  0.30812641 0.29968454 0.31910946 0.41666667 0.5        1.
  0.        ]
 [0.         0.5        0.22222222 0.39285714 0.1589404  0.22828784
  0.23702032 0.20070978 0.21150278 0.33333333 0.5        0.
  0.        ]
 [0.         0.         0.16666667 0.10714286 0.22516556 0.24813896
  0.19413093 0.19518927 0.20408163 0.08333333 0.         0.
  1.        ]
 [0.         0.         0.         0.         0.         0.
  0.         0.         0.00185529 0.         0.         0.
  0.        ]
 [0.         0.         0.33333333 0.28571429 0.33112583 0.26550868
  0.26072235 0.3044164  0.26345083 0.16666667 0.         0.
  0.        ]]

CPD for SP06:
[[0.         0.         0.38888889 0.42857143 0.31125828 0.32754342
  0.34085779 0.28588328 0.29684601 0.33333333 0.5        1.
  0.        ]
 [1.         0.         0.27777778 0.25       0.25827815 0.24069479
  0.22911964 0.20031546 0.19480519 0.         0.         0.
  0.        ]
 [0.         0.         0.11111111 0.07142857 0.17880795 0.17617866
  0.18058691 0.22555205 0.19294991 0.33333333 0.         0.
  0.        ]
 [0.         1.         0.22222222 0.25       0.25165563 0.25558313
  0.24943567 0.28824921 0.31539889 0.33333333 0.5        0.
  1.        ]]

CPD for SP07:
[[0.         0.5        0.22222222 0.25       0.2781457  0.26799007
  0.30474041 0.30205047 0.32467532 0.41666667 0.         0.
  1.        ]
 [0.         0.5        0.27777778 0.32142857 0.32450331 0.27047146
  0.25056433 0.21175079 0.18923933 0.         0.         0.
  0.        ]
 [0.         0.         0.27777778 0.17857143 0.13907285 0.2382134
  0.17607223 0.21451104 0.20037106 0.16666667 0.5        1.
  0.        ]
 [1.         0.         0.22222222 0.25       0.25827815 0.22332506
  0.26862302 0.2716877  0.28571429 0.41666667 0.5        0.
  0.        ]]

CPD for SP08:
[[0.         0.         0.38888889 0.28571429 0.41721854 0.28784119
  0.2979684  0.30323344 0.29499072 0.16666667 0.5        0.
  0.        ]
 [1.         1.         0.33333333 0.35714286 0.24503311 0.26054591
  0.24040632 0.20741325 0.22077922 0.08333333 0.         0.
  0.        ]
 [0.         0.         0.11111111 0.07142857 0.13907285 0.17369727
  0.17945824 0.22476341 0.19109462 0.41666667 0.         0.
  0.        ]
 [0.         0.         0.16666667 0.28571429 0.1986755  0.27791563
  0.28216704 0.26458991 0.29313544 0.33333333 0.5        1.
  1.        ]]

CPD for SP09:
[[0.         0.5        0.44444444 0.21428571 0.39072848 0.33746898
  0.34085779 0.29376972 0.30426716 0.25       1.         0.
  0.        ]
 [0.         0.         0.27777778 0.28571429 0.25827815 0.23076923
  0.22121896 0.22397476 0.21892393 0.33333333 0.         0.
  0.        ]
 [0.         0.         0.11111111 0.35714286 0.1986755  0.22828784
  0.19638826 0.21766562 0.19851577 0.16666667 0.         0.
  0.        ]
 [1.         0.5        0.16666667 0.14285714 0.15231788 0.20347395
  0.24153499 0.26458991 0.27829314 0.25       0.         1.
  1.        ]]

CPD for SP10:
[[0.         0.         0.5        0.28571429 0.37748344 0.33746898
  0.30248307 0.29652997 0.33395176 0.41666667 0.5        0.
  0.        ]
 [0.         0.         0.16666667 0.25       0.29801325 0.20347395
  0.24153499 0.21766562 0.21706865 0.16666667 0.         0.
  0.        ]
 [0.         0.5        0.16666667 0.17857143 0.13907285 0.24069479
  0.22009029 0.20031546 0.18552876 0.08333333 0.5        0.
  1.        ]
 [1.         0.5        0.16666667 0.28571429 0.18543046 0.21836228
  0.23589165 0.28548896 0.26345083 0.33333333 0.         1.
  0.        ]]

CPD for SP11:
[[0.         0.5        0.33333333 0.25       0.35099338 0.27295285
  0.31376975 0.30559937 0.31910946 0.16666667 0.         1.
  0.        ]
 [1.         0.5        0.27777778 0.32142857 0.1986755  0.28784119
  0.25959368 0.19755521 0.21335807 0.08333333 0.5        0.
  0.        ]
 [0.         0.         0.11111111 0.14285714 0.16556291 0.15880893
  0.19413093 0.23856467 0.20408163 0.16666667 0.5        0.
  1.        ]
 [0.         0.         0.27777778 0.28571429 0.28476821 0.28039702
  0.23250564 0.25828076 0.26345083 0.58333333 0.         0.
  0.        ]]

CPD for SP12:
[[0.         1.         0.5        0.28571429 0.29139073 0.30024814
  0.28668172 0.30126183 0.30241187 0.25       1.         0.
  0.        ]
 [0.         0.         0.22222222 0.17857143 0.21192053 0.23076923
  0.23363431 0.22791798 0.20779221 0.16666667 0.         0.
  0.        ]
 [0.         0.         0.05555556 0.17857143 0.23178808 0.17369727
  0.22121896 0.21727129 0.20408163 0.25       0.         0.
  0.        ]
 [1.         0.         0.22222222 0.35714286 0.26490066 0.29528536
  0.25846501 0.2535489  0.28571429 0.33333333 0.         1.
  1.        ]]

CPD for SP13:
[[0.         0.5        0.38888889 0.25       0.31125828 0.31761787
  0.27539503 0.30520505 0.33766234 0.58333333 0.5        1.
  0.        ]
 [0.         0.         0.11111111 0.17857143 0.21854305 0.23325062
  0.24604966 0.22318612 0.22077922 0.16666667 0.         0.
  0.        ]
 [0.         0.         0.11111111 0.25       0.23178808 0.2133995
  0.22121896 0.21214511 0.16697588 0.         0.         0.
  0.        ]
 [1.         0.5        0.38888889 0.32142857 0.2384106  0.23573201
  0.25733634 0.25946372 0.27458256 0.25       0.5        0.
  1.        ]]

CPD for SP14:
[[0.         0.5        0.38888889 0.32142857 0.35761589 0.3101737
  0.28893905 0.29455836 0.31539889 0.41666667 0.5        0.
  0.        ]
 [0.         0.         0.16666667 0.21428571 0.21854305 0.23573201
  0.251693   0.21490536 0.19666048 0.08333333 0.5        0.
  1.        ]
 [0.         0.         0.27777778 0.17857143 0.22516556 0.18362283
  0.20316027 0.22555205 0.19666048 0.25       0.         1.
  0.        ]
 [1.         0.5        0.16666667 0.28571429 0.1986755  0.27047146
  0.25620767 0.26498423 0.29128015 0.25       0.         0.
  0.        ]]

CPD for SP15:
[[0.         0.         0.38888889 0.46428571 0.34437086 0.3101737
  0.30022573 0.2988959  0.30241187 0.5        0.5        0.
  1.        ]
 [0.         0.5        0.22222222 0.28571429 0.18543046 0.20843672
  0.22911964 0.21608833 0.2244898  0.16666667 0.5        0.
  0.        ]
 [1.         0.         0.11111111 0.10714286 0.21192053 0.22580645
  0.18058691 0.2192429  0.20222635 0.16666667 0.         1.
  0.        ]
 [0.         0.5        0.27777778 0.14285714 0.25827815 0.25558313
  0.29006772 0.26577287 0.27087199 0.16666667 0.         0.
  0.        ]]

CPD for SP16:
[[0.         0.         0.38888889 0.32142857 0.31125828 0.32009926
  0.27765237 0.29968454 0.32653061 0.41666667 0.5        1.
  0.        ]
 [0.         0.         0.05555556 0.21428571 0.17218543 0.20347395
  0.23702032 0.22515773 0.21150278 0.08333333 0.         0.
  0.        ]
 [1.         0.         0.11111111 0.17857143 0.20529801 0.22084367
  0.20993228 0.21963722 0.20037106 0.16666667 0.         0.
  1.        ]
 [0.         1.         0.44444444 0.28571429 0.31125828 0.25558313
  0.27539503 0.2555205  0.26159555 0.33333333 0.5        0.
  0.        ]]

CPD for SP17:
[[0.         0.         0.38888889 0.25       0.36423841 0.30769231
  0.28442438 0.295347   0.3283859  0.41666667 0.5        0.
  1.        ]
 [1.         0.         0.27777778 0.14285714 0.22516556 0.21836228
  0.22573363 0.22200315 0.22634508 0.25       0.         0.
  0.        ]
 [0.         0.5        0.11111111 0.28571429 0.1589404  0.20099256
  0.21331828 0.21884858 0.17810761 0.16666667 0.5        1.
  0.        ]
 [0.         0.5        0.22222222 0.32142857 0.25165563 0.27295285
  0.2765237  0.26380126 0.26716141 0.16666667 0.         0.
  0.        ]]

CPD for SP18:
[[0.         1.         0.33333333 0.28571429 0.29139073 0.3101737
  0.27765237 0.30678233 0.31910946 0.33333333 0.         0.
  0.        ]
 [0.         0.         0.16666667 0.21428571 0.2384106  0.20099256
  0.21106095 0.22712934 0.21706865 0.25       0.5        0.
  0.        ]
 [0.         0.         0.22222222 0.14285714 0.23178808 0.20595533
  0.23476298 0.20899054 0.18181818 0.16666667 0.         1.
  0.        ]
 [1.         0.         0.27777778 0.35714286 0.2384106  0.28287841
  0.2765237  0.25709779 0.28200371 0.25       0.5        0.
  1.        ]]

CPD for SP19:
[[1.         0.5        0.22222222 0.28571429 0.21192053 0.28287841
  0.28103837 0.30402208 0.32096475 0.58333333 0.         0.
  0.        ]
 [0.         0.         0.22222222 0.21428571 0.1589404  0.21091811
  0.23589165 0.23935331 0.23191095 0.16666667 0.         0.
  1.        ]
 [0.         0.5        0.33333333 0.17857143 0.2384106  0.25806452
  0.23702032 0.20425868 0.17254174 0.16666667 0.5        0.
  0.        ]
 [0.         0.         0.22222222 0.32142857 0.39072848 0.24813896
  0.24604966 0.25236593 0.27458256 0.08333333 0.5        1.
  0.        ]]

CPD for SP20:
[[1.         0.         0.33333333 0.39285714 0.2781457  0.2382134
  0.27539503 0.31979495 0.34693878 0.08333333 0.5        1.
  0.        ]
 [0.         1.         0.11111111 0.21428571 0.17880795 0.22580645
  0.23814898 0.2192429  0.22263451 0.33333333 0.         0.
  1.        ]
 [0.         0.         0.33333333 0.21428571 0.33112583 0.29032258
  0.24040632 0.18493691 0.13358071 0.08333333 0.5        0.
  0.        ]
 [0.         0.         0.22222222 0.17857143 0.21192053 0.24565757
  0.24604966 0.27602524 0.29684601 0.5        0.         0.
  0.        ]]

CPD for SP21:
[[0.         0.5        0.22222222 0.28571429 0.22516556 0.26799007
  0.29571106 0.30993691 0.33951763 0.41666667 0.5        1.
  0.        ]
 [0.         0.         0.05555556 0.21428571 0.28476821 0.21588089
  0.23589165 0.22791798 0.19109462 0.16666667 0.         0.
  1.        ]
 [1.         0.         0.55555556 0.39285714 0.33112583 0.29528536
  0.24379233 0.18809148 0.15584416 0.08333333 0.5        0.
  0.        ]
 [0.         0.5        0.16666667 0.10714286 0.1589404  0.22084367
  0.22460497 0.27405363 0.3135436  0.33333333 0.         0.
  0.        ]]

CPD for SP22:
[[0.         0.         0.27777778 0.25       0.22516556 0.24565757
  0.29232506 0.3261041  0.31539889 0.33333333 0.         0.
  0.        ]
 [0.         0.5        0.33333333 0.42857143 0.27152318 0.25310174
  0.24604966 0.2101735  0.20222635 0.         0.         1.
  0.        ]
 [0.         0.5        0.16666667 0.21428571 0.24503311 0.29032258
  0.25507901 0.18809148 0.16883117 0.08333333 1.         0.
  0.        ]
 [1.         0.         0.22222222 0.10714286 0.25827815 0.21091811
  0.20654628 0.27563091 0.3135436  0.58333333 0.         0.
  1.        ]]

CPD for SP23:
[[0.         0.         0.27777778 0.28571429 0.2384106  0.27295285
  0.26072235 0.30914826 0.36178108 0.25       0.5        1.
  0.        ]
 [1.         0.5        0.22222222 0.14285714 0.32450331 0.28784119
  0.27088036 0.21135647 0.18552876 0.16666667 0.         0.
  1.        ]
 [0.         0.5        0.38888889 0.39285714 0.26490066 0.2630273
  0.23137698 0.19716088 0.15213358 0.08333333 0.         0.
  0.        ]
 [0.         0.         0.11111111 0.17857143 0.17218543 0.17617866
  0.23702032 0.28233438 0.30055659 0.5        0.5        0.
  0.        ]]

CPD for SP24:
[[1.         0.5        0.22222222 0.10714286 0.1986755  0.27047146
  0.25282167 0.31190852 0.35250464 0.41666667 0.         0.
  1.        ]
 [0.         0.5        0.5        0.46428571 0.43046358 0.29776675
  0.2731377  0.19361199 0.15584416 0.25       0.         0.
  0.        ]
 [0.         0.         0.16666667 0.32142857 0.19205298 0.24565757
  0.24717833 0.20189274 0.17068646 0.25       0.         0.
  0.        ]
 [0.         0.         0.11111111 0.10714286 0.17880795 0.18610422
  0.2268623  0.29258675 0.32096475 0.08333333 1.         1.
  0.        ]]

CPD for SP25:
[[0.         0.5        0.16666667 0.32142857 0.22516556 0.24069479
  0.26523702 0.30362776 0.36920223 0.16666667 0.         0.
  0.        ]
 [0.         0.         0.44444444 0.42857143 0.42384106 0.32754342
  0.28893905 0.1865142  0.14842301 0.25       0.         0.
  1.        ]
 [1.         0.         0.22222222 0.07142857 0.15231788 0.19851117
  0.18510158 0.23619874 0.19480519 0.25       0.5        1.
  0.        ]
 [0.         0.5        0.16666667 0.17857143 0.1986755  0.23325062
  0.26072235 0.27365931 0.28756957 0.33333333 0.5        0.
  0.        ]]

CPD for SP26:
[[0.         0.         0.16666667 0.28571429 0.19205298 0.24069479
  0.24040632 0.30599369 0.37847866 0.41666667 0.         0.
  1.        ]
 [1.         1.         0.38888889 0.25       0.37748344 0.3573201
  0.26523702 0.19518927 0.15213358 0.         0.5        1.
  0.        ]
 [0.         0.         0.22222222 0.21428571 0.18543046 0.19354839
  0.21557562 0.21608833 0.19109462 0.08333333 0.5        0.
  0.        ]
 [0.         0.         0.22222222 0.25       0.24503311 0.20843672
  0.27878104 0.28272871 0.27829314 0.5        0.         0.
  0.        ]]

CPD for SP27:
[[1.         1.         0.27777778 0.25       0.25827815 0.25806452
  0.25056433 0.29968454 0.39146568 0.33333333 0.5        1.
  1.        ]
 [0.         0.         0.11111111 0.28571429 0.26490066 0.26550868
  0.26297968 0.22121451 0.14842301 0.16666667 0.5        0.
  0.        ]
 [0.         0.         0.38888889 0.25       0.25827815 0.26799007
  0.22911964 0.20070978 0.16326531 0.25       0.         0.
  0.        ]
 [0.         0.         0.22222222 0.21428571 0.21854305 0.20843672
  0.25733634 0.27839117 0.29684601 0.25       0.         0.
  0.        ]]

CPD for SP28:
[[1.         0.         0.05555556 0.21428571 0.22516556 0.18858561
  0.27539503 0.30717666 0.36549165 0.5        0.5        1.
  1.        ]
 [0.         0.5        0.16666667 0.21428571 0.26490066 0.26054591
  0.22911964 0.22121451 0.18367347 0.08333333 0.         0.
  0.        ]
 [0.         0.5        0.44444444 0.32142857 0.2781457  0.25806452
  0.24717833 0.18572555 0.15955473 0.08333333 0.5        0.
  0.        ]
 [0.         0.         0.33333333 0.25       0.23178808 0.29280397
  0.248307   0.28588328 0.29128015 0.33333333 0.         0.
  0.        ]]

CPD for SP29:
[[0.00000000e+00 5.00000000e-01 2.22222222e-01 3.57142857e-01
  3.84105960e-01 2.90322581e-01 2.65237020e-01 3.00867508e-01
  3.13543599e-01 5.83333333e-01 0.00000000e+00 1.00000000e+00
  0.00000000e+00]
 [0.00000000e+00 5.00000000e-01 3.33333333e-01 3.57142857e-02
  2.05298013e-01 2.03473945e-01 2.33634312e-01 2.15694006e-01
  2.04081633e-01 8.33333333e-02 0.00000000e+00 0.00000000e+00
  0.00000000e+00]
 [1.00000000e+00 0.00000000e+00 5.55555556e-02 1.42857143e-01
  1.78807947e-01 2.13399504e-01 1.86230248e-01 2.00709779e-01
  2.18923933e-01 1.66666667e-01 1.00000000e+00 0.00000000e+00
  0.00000000e+00]
 [0.00000000e+00 0.00000000e+00 0.00000000e+00 0.00000000e+00
  0.00000000e+00 0.00000000e+00 0.00000000e+00 7.88643533e-04
  0.00000000e+00 0.00000000e+00 0.00000000e+00 0.00000000e+00
  0.00000000e+00]
 [0.00000000e+00 0.00000000e+00 3.88888889e-01 4.64285714e-01
  2.31788079e-01 2.92803970e-01 3.14898420e-01 2.81940063e-01
  2.63450835e-01 1.66666667e-01 0.00000000e+00 0.00000000e+00
  1.00000000e+00]]

CPD for SP30:
[[0.         0.5        0.16666667 0.32142857 0.31125828 0.2853598
  0.28442438 0.29455836 0.29128015 0.58333333 1.         0.
  0.        ]
 [1.         0.         0.05555556 0.07142857 0.16556291 0.21091811
  0.21557562 0.20859621 0.2244898  0.08333333 0.         0.
  0.        ]
 [0.         0.5        0.05555556 0.28571429 0.21854305 0.18114144
  0.21106095 0.21253943 0.21706865 0.08333333 0.         0.
  1.        ]
 [0.         0.         0.         0.         0.         0.
  0.         0.00118297 0.         0.         0.         0.
  0.        ]
 [0.         0.         0.72222222 0.32142857 0.30463576 0.32258065
  0.28893905 0.28312303 0.26716141 0.25       0.         1.
  0.        ]]

CPD for SP31:
[[0.         0.5        0.22222222 0.35714286 0.31125828 0.29776675
  0.29909707 0.29574132 0.29499072 0.5        0.5        1.
  1.        ]
 [1.         0.5        0.11111111 0.21428571 0.21854305 0.23573201
  0.23363431 0.21135647 0.18738404 0.16666667 0.         0.
  0.        ]
 [0.         0.         0.38888889 0.10714286 0.13907285 0.22084367
  0.18284424 0.20623028 0.2096475  0.25       0.         0.
  0.        ]
 [0.         0.         0.         0.         0.         0.
  0.         0.00197161 0.         0.         0.         0.
  0.        ]
 [0.         0.         0.27777778 0.32142857 0.33112583 0.24565757
  0.28442438 0.28470032 0.30797774 0.08333333 0.5        0.
  0.        ]]

CPD for SP32:
[[0.         1.         0.38888889 0.17857143 0.37748344 0.32754342
  0.26523702 0.29574132 0.28756957 0.16666667 0.         1.
  1.        ]
 [1.         0.         0.11111111 0.25       0.15231788 0.21588089
  0.2268623  0.20938486 0.21335807 0.25       0.5        0.
  0.        ]
 [0.         0.         0.22222222 0.10714286 0.17880795 0.19354839
  0.19751693 0.21293375 0.20593692 0.16666667 0.         0.
  0.        ]
 [0.         0.         0.         0.         0.         0.
  0.         0.00197161 0.         0.         0.         0.
  0.        ]
 [0.         0.         0.27777778 0.46428571 0.29139073 0.2630273
  0.31038375 0.27996845 0.29313544 0.41666667 0.5        0.
  0.        ]]

CPD for SP33:
[[1.         0.5        0.27777778 0.39285714 0.32450331 0.27791563
  0.27539503 0.29810726 0.32467532 0.25       1.         0.
  1.        ]
 [0.         0.         0.22222222 0.03571429 0.20529801 0.22332506
  0.23024831 0.21490536 0.20593692 0.25       0.         0.
  0.        ]
 [0.         0.5        0.27777778 0.10714286 0.21854305 0.22828784
  0.19977427 0.20977918 0.15955473 0.25       0.         0.
  0.        ]
 [0.         0.         0.         0.         0.         0.
  0.         0.00276025 0.         0.         0.         0.
  0.        ]
 [0.         0.         0.22222222 0.46428571 0.25165563 0.27047146
  0.29458239 0.27444795 0.30983302 0.25       0.         1.
  0.        ]]

